- Insertar datos recargas_promociones
INSERT INTO recargas_promociones (id, recarga_id, promocion_id) VALUES
(1, 1, 10),
(2, 2, 15),
(3, 3, 20),
(4, 4, 25),
(5, 5, 30),
(6, 6, 35),
(7, 7, 40),
(8, 8, 45),
(9, 9, 50),
(10, 10, 55),
(11, 11, 60),
(12, 12, 65),
(13, 13, 70),
(14, 14, 75),
(15, 15, 80),
(16, 16, 85),
(17, 17, 90),
(18, 18, 95),
(19, 19, 100),
(20, 20, 5),
(21, 21, 10),
(22, 22, 15),
(23, 23, 20),
(24, 24, 25),
(25, 25, 30),
(26, 26, 35),
(27, 27, 40),
(28, 28, 45),
(29, 29, 50),
(30, 30, 55),
(31, 31, 60),
(32, 32, 65),
(33, 33, 70),
(34, 34, 75),
(35, 35, 80),
(36, 36, 85),
(37, 37, 90),
(38, 38, 95),
(39, 39, 100),
(40, 40, 5),
(41, 41, 10),
(42, 42, 15),
(43, 43, 20),
(44, 44, 25),
(45, 45, 30),
(46, 46, 35),
(47, 47, 40),
(48, 48, 45),
(49, 49, 50),
(50, 50, 55),
(51, 51, 60),
(52, 52, 65),
(53, 53, 70),
(54, 54, 75),
(55, 55, 80),
(56, 56, 85),
(57, 57, 90),
(58, 58, 95),
(59, 59, 100),
(60, 60, 5),
(61, 61, 10),
(62, 62, 15),
(63, 63, 20),
(64, 64, 25),
(65, 65, 30),
(66, 66, 35),
(67, 67, 40),
(68, 68, 45),
(69, 69, 50),
(70, 70, 55),
(71, 71, 60),
(72, 72, 65),
(73, 73, 70),
(74, 74, 75),
(75, 75, 80),
(76, 76, 85),
(77, 77, 90),
(78, 78, 95),
(79, 79, 100),
(80, 80, 5),
(81, 81, 10),
(82, 82, 15),
(83, 83, 20),
(84, 84, 25),
(85, 85, 30),
(86, 86, 35),
(87, 87, 40),
(88, 88, 45),
(89, 89, 50),
(90, 90, 55),
(91, 91, 60),
(92, 92, 65),
(93, 93, 70),
(94, 94, 75),
(95, 95, 80),
(96, 96, 85),
(97, 97, 90),
(98, 98, 95),
(99, 99, 100),
(100, 100, 5);
